14-Jun-2021 15:40:41 CEST  Initiating request to open file file:/eos/cms/store/user/tsarkar/DIGIPremix_Condor_output_Vector_MonoZLL_NLO_Mphi-500_Mchi-150_gSM-0p25_gDM-1p0_ctau1p0/step_DIGIPremix_2017UL_1.root
14-Jun-2021 15:40:44 CEST  Successfully opened file file:/eos/cms/store/user/tsarkar/DIGIPremix_Condor_output_Vector_MonoZLL_NLO_Mphi-500_Mchi-150_gSM-0p25_gDM-1p0_ctau1p0/step_DIGIPremix_2017UL_1.root
Begin processing the 1st record. Run 1, Event 4, LumiSection 1 at 14-Jun-2021 15:42:23.385 CEST
Begin processing the 2nd record. Run 1, Event 2, LumiSection 1 at 14-Jun-2021 15:42:35.429 CEST
Begin processing the 3rd record. Run 1, Event 1, LumiSection 1 at 14-Jun-2021 15:42:39.391 CEST
Begin processing the 4th record. Run 1, Event 3, LumiSection 1 at 14-Jun-2021 15:42:42.931 CEST
%MSG-e TrajectoryNotPosDef:   TrackProducer:hltIter2ElectronsCtfWithMaterialTracks 14-Jun-2021 15:42:44 CEST  Run: 1 Event: 3
Trajectory covariance is not positive-definite
%MSG
Begin processing the 5th record. Run 1, Event 5, LumiSection 1 at 14-Jun-2021 15:42:44.477 CEST
%MSG-w InvalidHelix:   SeedCreatorFromRegionConsecutiveHitsEDProducer:hltFullIter9TobTecSeedsTripl  14-Jun-2021 15:42:51 CEST Run: 1 Event: 5
PixelClusterShapeSeedComparitor helix is not valid, result is bad
%MSG
Begin processing the 6th record. Run 1, Event 6, LumiSection 1 at 14-Jun-2021 15:42:52.282 CEST
Begin processing the 7th record. Run 1, Event 7, LumiSection 1 at 14-Jun-2021 15:42:55.405 CEST
%MSG-w InvalidInputTag:  CSCHaloDataProducer:hltCSCHaloData  14-Jun-2021 15:43:14 CEST Run: 1 Event: 7
 The Cosmic Muon collection does not appear to be in the event. These beam halo  identification variables will be empty
%MSG
Begin processing the 8th record. Run 1, Event 8, LumiSection 1 at 14-Jun-2021 15:43:14.857 CEST
Begin processing the 9th record. Run 1, Event 9, LumiSection 1 at 14-Jun-2021 15:43:17.761 CEST
Begin processing the 10th record. Run 1, Event 10, LumiSection 1 at 14-Jun-2021 15:43:23.559 CEST
Begin processing the 11th record. Run 1, Event 11, LumiSection 1 at 14-Jun-2021 15:43:27.123 CEST
Begin processing the 12th record. Run 1, Event 12, LumiSection 1 at 14-Jun-2021 15:43:33.875 CEST
Begin processing the 13th record. Run 1, Event 14, LumiSection 1 at 14-Jun-2021 15:43:39.902 CEST
Begin processing the 14th record. Run 1, Event 13, LumiSection 1 at 14-Jun-2021 15:43:42.478 CEST
%MSG-w BasicTrajectoryState:   TrackProducer:hltIter2ElectronsCtfWithMaterialTracks 14-Jun-2021 15:43:43 CEST  Run: 1 Event: 13
local error not pos-def
[   7.3913e-06-4.31349e-06 4.80231e-07-2.20729e-05-4.80755e-06
  -4.31349e-06-3.69406e-07-6.89956e-08 -2.6442e-06-3.49693e-07
   4.80231e-07-6.89956e-08 5.45389e-06 3.26453e-07-9.10411e-06
  -2.20729e-05 -2.6442e-06 3.26453e-07 1.59431e-05 7.61065e-09
  -4.80755e-06-3.49693e-07-9.10411e-06 7.61065e-09 4.06537e-05 ]
pos/mom/mf  (-4.89627,-9.52719,-20.7477)   (-5.24778,-10.4837,-19.9092)   (0.000241681,0.000470264,3.81026) 
%MSG
%MSG-w BasicTrajectoryState:   TrackProducer:hltIter2ElectronsCtfWithMaterialTracks 14-Jun-2021 15:43:43 CEST  Run: 1 Event: 13
curv error not pos-def
[   7.3913e-06 1.94626e-07 4.30959e-06-2.20572e-05 1.72225e-06
   1.94626e-07 3.61528e-07 1.26406e-08 1.27463e-07 1.18981e-06
   4.30959e-06 1.26406e-08-3.68693e-07  2.6384e-06-8.26236e-08
  -2.20572e-05 1.27463e-07  2.6384e-06 1.59204e-05 5.13752e-07
   1.72225e-06 1.18981e-06-8.26236e-08 5.13752e-07 1.04839e-05 ]
pos/mom/mf  (-4.89627,-9.52719,-20.7477)   (-5.24778,-10.4837,-19.9092)   (0.000241681,0.000470264,3.81026) 
%MSG
%MSG-w TrackNaN:  TrackProducer:hltIter2ElectronsCtfWithMaterialTracks  14-Jun-2021 15:43:43 CEST Run: 1 Event: 13
Track has NaN or the cov is not pos-definite
%MSG
%MSG-w BasicTrajectoryState:   TrackProducer:hltIter2PFlowCtfWithMaterialTracksForPhotons  14-Jun-2021 15:43:43 CEST Run: 1 Event: 13
local error not pos-def
[ -1.23432e-06-7.90933e-07 1.93149e-07 1.89784e-05-1.67609e-07
  -7.90933e-07 9.48858e-08-1.08163e-07 2.76612e-06 2.59552e-07
   1.93149e-07-1.08163e-07  5.5243e-06 8.38694e-07-9.04738e-06
   1.89784e-05 2.76612e-06 8.38694e-07  2.3021e-06-1.54392e-06
  -1.67609e-07 2.59552e-07-9.04738e-06-1.54392e-06 4.05254e-05 ]
pos/mom/mf  (-4.89623,-9.52721,-20.7477)   (-5.24635,-10.4807,-19.9034)   (0.000241678,0.000470264,3.81026) 
%MSG
%MSG-w BasicTrajectoryState:   TrackProducer:hltIter2PFlowCtfWithMaterialTracksForPhotons  14-Jun-2021 15:43:43 CEST Run: 1 Event: 13
curv error not pos-def
[ -1.23432e-06 6.27255e-08 7.89696e-07 1.89649e-05 7.01611e-07
   6.27255e-08 3.66655e-07 3.03401e-08 1.70099e-07  1.1889e-06
   7.89696e-07 3.03401e-08 9.48953e-08-2.75958e-06 5.05433e-08
   1.89649e-05 1.70099e-07-2.75958e-06 2.29882e-06 8.57561e-07
   7.01611e-07  1.1889e-06 5.05433e-08 8.57561e-07 1.04877e-05 ]
pos/mom/mf  (-4.89623,-9.52721,-20.7477)   (-5.24635,-10.4807,-19.9034)   (0.000241678,0.000470264,3.81026) 
%MSG
%MSG-w TrackNaN:  TrackProducer:hltIter2PFlowCtfWithMaterialTracksForPhotons  14-Jun-2021 15:43:43 CEST Run: 1 Event: 13
Track has NaN or the cov is not pos-definite
%MSG
Begin processing the 15th record. Run 1, Event 15, LumiSection 1 at 14-Jun-2021 15:43:48.311 CEST
Begin processing the 16th record. Run 1, Event 17, LumiSection 1 at 14-Jun-2021 15:43:56.459 CEST
Begin processing the 17th record. Run 1, Event 16, LumiSection 1 at 14-Jun-2021 15:43:57.273 CEST
Begin processing the 18th record. Run 1, Event 21, LumiSection 1 at 14-Jun-2021 15:44:07.499 CEST
Begin processing the 19th record. Run 1, Event 22, LumiSection 1 at 14-Jun-2021 15:44:11.099 CEST
Begin processing the 20th record. Run 1, Event 19, LumiSection 1 at 14-Jun-2021 15:44:13.568 CEST
Begin processing the 21st record. Run 1, Event 18, LumiSection 1 at 14-Jun-2021 15:44:17.607 CEST
%MSG-w InvalidHelix:   SeedCreatorFromRegionConsecutiveHitsEDProducer:hltFullIter9TobTecSeedsTripl  14-Jun-2021 15:44:29 CEST Run: 1 Event: 18
PixelClusterShapeSeedComparitor helix is not valid, result is bad
%MSG
%MSG-w InvalidHelix:   SeedCreatorFromRegionConsecutiveHitsEDProducer:hltFullIter9TobTecSeedsTripl  14-Jun-2021 15:44:29 CEST Run: 1 Event: 18
PixelClusterShapeSeedComparitor helix is not valid, result is bad
%MSG
%MSG-w InvalidHelix:   SeedCreatorFromRegionConsecutiveHitsEDProducer:hltFullIter9TobTecSeedsTripl  14-Jun-2021 15:44:29 CEST Run: 1 Event: 18
PixelClusterShapeSeedComparitor helix is not valid, result is bad
%MSG
Begin processing the 22nd record. Run 1, Event 20, LumiSection 1 at 14-Jun-2021 15:44:31.388 CEST
Begin processing the 23rd record. Run 1, Event 23, LumiSection 1 at 14-Jun-2021 15:44:36.430 CEST
Begin processing the 24th record. Run 1, Event 24, LumiSection 1 at 14-Jun-2021 15:44:41.281 CEST
Begin processing the 25th record. Run 1, Event 25, LumiSection 1 at 14-Jun-2021 15:44:43.630 CEST
Begin processing the 26th record. Run 1, Event 28, LumiSection 1 at 14-Jun-2021 15:44:44.817 CEST
Begin processing the 27th record. Run 1, Event 27, LumiSection 1 at 14-Jun-2021 15:44:49.904 CEST
Begin processing the 28th record. Run 1, Event 26, LumiSection 1 at 14-Jun-2021 15:44:53.994 CEST
Begin processing the 29th record. Run 1, Event 29, LumiSection 1 at 14-Jun-2021 15:44:57.276 CEST
Begin processing the 30th record. Run 1, Event 33, LumiSection 1 at 14-Jun-2021 15:44:59.774 CEST
Begin processing the 31st record. Run 1, Event 32, LumiSection 1 at 14-Jun-2021 15:45:02.008 CEST
Begin processing the 32nd record. Run 1, Event 31, LumiSection 1 at 14-Jun-2021 15:45:09.770 CEST
Begin processing the 33rd record. Run 1, Event 30, LumiSection 1 at 14-Jun-2021 15:45:17.998 CEST
Begin processing the 34th record. Run 1, Event 36, LumiSection 1 at 14-Jun-2021 15:45:20.460 CEST
Begin processing the 35th record. Run 1, Event 35, LumiSection 1 at 14-Jun-2021 15:45:23.502 CEST
Begin processing the 36th record. Run 1, Event 34, LumiSection 1 at 14-Jun-2021 15:45:26.433 CEST
Begin processing the 37th record. Run 1, Event 39, LumiSection 1 at 14-Jun-2021 15:45:31.594 CEST
Begin processing the 38th record. Run 1, Event 40, LumiSection 1 at 14-Jun-2021 15:45:39.851 CEST
Begin processing the 39th record. Run 1, Event 41, LumiSection 1 at 14-Jun-2021 15:45:40.515 CEST
Begin processing the 40th record. Run 1, Event 38, LumiSection 1 at 14-Jun-2021 15:45:45.813 CEST
Begin processing the 41st record. Run 1, Event 37, LumiSection 1 at 14-Jun-2021 15:45:48.503 CEST
Begin processing the 42nd record. Run 1, Event 44, LumiSection 1 at 14-Jun-2021 15:45:49.436 CEST
Begin processing the 43rd record. Run 1, Event 42, LumiSection 1 at 14-Jun-2021 15:46:04.489 CEST
Begin processing the 44th record. Run 1, Event 45, LumiSection 1 at 14-Jun-2021 15:46:11.451 CEST
Begin processing the 45th record. Run 1, Event 43, LumiSection 1 at 14-Jun-2021 15:46:15.477 CEST
Begin processing the 46th record. Run 1, Event 47, LumiSection 1 at 14-Jun-2021 15:46:18.572 CEST
Begin processing the 47th record. Run 1, Event 46, LumiSection 1 at 14-Jun-2021 15:46:24.971 CEST
Begin processing the 48th record. Run 1, Event 49, LumiSection 1 at 14-Jun-2021 15:46:30.391 CEST
Begin processing the 49th record. Run 1, Event 50, LumiSection 1 at 14-Jun-2021 15:46:31.601 CEST
Begin processing the 50th record. Run 1, Event 48, LumiSection 1 at 14-Jun-2021 15:46:33.069 CEST
14-Jun-2021 15:46:47 CEST  Closed file file:/eos/cms/store/user/tsarkar/DIGIPremix_Condor_output_Vector_MonoZLL_NLO_Mphi-500_Mchi-150_gSM-0p25_gDM-1p0_ctau1p0/step_DIGIPremix_2017UL_1.root

=============================================

MessageLogger Summary

 type     category        sev    module        subroutine        count    total
 ---- -------------------- -- ---------------- ----------------  -----    -----
    1 BasicTrajectoryState -w TrackProducer:hl                       2        2
    2 BasicTrajectoryState -w TrackProducer:hl                       2        2
    3 InvalidHelix         -w SeedCreatorFromR                       4        4
    4 InvalidInputTag      -w CSCHaloDataProdu                       1        1
    5 TrackNaN             -w TrackProducer:hl                       1        1
    6 TrackNaN             -w TrackProducer:hl                       1        1
    7 TrajectoryNotPosDef  -e TrackProducer:hl                       1        1
    8 fileAction           -s file_close                             1        1
    9 fileAction           -s file_open                              2        2

 type    category    Examples: run/evt        run/evt          run/evt
 ---- -------------------- ---------------- ---------------- ----------------
    1 BasicTrajectoryState 1/13             1/13             
    2 BasicTrajectoryState 1/13             1/13             
    3 InvalidHelix         1/5              1/18             1/18
    4 InvalidInputTag      1/7                               
    5 TrackNaN             1/13                              
    6 TrackNaN             1/13                              
    7 TrajectoryNotPosDef  1/3                               
    8 fileAction           PostGlobalEndRun                  
    9 fileAction           pre-events       pre-events       

Severity    # Occurrences   Total Occurrences
--------    -------------   -----------------
Warning                11                  11
Error                   1                   1
System                  3                   3

dropped waiting message count 0
