14-Jun-2021 15:40:35 CEST  Initiating request to open file file:/eos/cms/store/user/tsarkar/DIGIPremix_Condor_output_Vector_MonoZLL_NLO_Mphi-500_Mchi-150_gSM-0p25_gDM-1p0_ctau0p1/step_DIGIPremix_2017UL_2.root
14-Jun-2021 15:40:39 CEST  Successfully opened file file:/eos/cms/store/user/tsarkar/DIGIPremix_Condor_output_Vector_MonoZLL_NLO_Mphi-500_Mchi-150_gSM-0p25_gDM-1p0_ctau0p1/step_DIGIPremix_2017UL_2.root
Begin processing the 1st record. Run 1, Event 453, LumiSection 10 at 14-Jun-2021 15:42:17.515 CEST
Begin processing the 2nd record. Run 1, Event 452, LumiSection 10 at 14-Jun-2021 15:42:31.366 CEST
Begin processing the 3rd record. Run 1, Event 455, LumiSection 10 at 14-Jun-2021 15:42:33.407 CEST
Begin processing the 4th record. Run 1, Event 454, LumiSection 10 at 14-Jun-2021 15:42:37.339 CEST
Begin processing the 5th record. Run 1, Event 451, LumiSection 10 at 14-Jun-2021 15:42:50.973 CEST
Begin processing the 6th record. Run 1, Event 459, LumiSection 10 at 14-Jun-2021 15:42:58.252 CEST
Begin processing the 7th record. Run 1, Event 456, LumiSection 10 at 14-Jun-2021 15:43:02.001 CEST
Begin processing the 8th record. Run 1, Event 457, LumiSection 10 at 14-Jun-2021 15:43:06.889 CEST
%MSG-w BasicTrajectoryState:   TrackProducer:hltIter2ElectronsCtfWithMaterialTracks 14-Jun-2021 15:43:07 CEST  Run: 1 Event: 457
curv error not pos-def
[  4.61837e+06     -326.18     -288164      64.865     3.11468
       -326.18   0.0243522      20.352 -0.00572886   0.0141383
       -288164      20.352     17980.1    -4.05289   -0.195795
        64.865 -0.00572886    -4.05289  -0.0456194  -0.0126996
       3.11468   0.0141383   -0.195795  -0.0126996    0.156765 ]
pos/mom/mf  (8.78049,6.688,2.59227)   (5.53839,4.08438,5.9217)   (1.59403e-05,1.21416e-05,3.81132) 
%MSG
%MSG-w BasicTrajectoryState:   TrackProducer:hltIter2ElectronsCtfWithMaterialTracks 14-Jun-2021 15:43:07 CEST  Run: 1 Event: 457
local error not pos-def
[  4.61837e+06      288171    -670.911    -64.8657    -3.83031
        288171     17980.9    -41.8629    -4.05302   -0.241118
      -670.911    -41.8629    0.101449  0.00744878   0.0335436
      -64.8657    -4.05302  0.00744878  -0.0456197  -0.0165652
      -3.83031   -0.241118   0.0335436  -0.0165652     0.27299 ]
pos/mom/mf  (8.78049,6.688,2.59227)   (5.53839,4.08438,5.9217)   (1.59403e-05,1.21416e-05,3.81132) 
%MSG
Begin processing the 9th record. Run 1, Event 458, LumiSection 10 at 14-Jun-2021 15:43:13.161 CEST
Begin processing the 10th record. Run 1, Event 462, LumiSection 10 at 14-Jun-2021 15:43:17.020 CEST
%MSG-w InvalidHelix:   SeedCreatorFromRegionConsecutiveHitsEDProducer:hltFullIter6PixelSeedsA  14-Jun-2021 15:43:23 CEST Run: 1 Event: 462
PixelClusterShapeSeedComparitor helix is not valid, result is bad
%MSG
Begin processing the 11th record. Run 1, Event 464, LumiSection 10 at 14-Jun-2021 15:43:26.205 CEST
%MSG-w InvalidInputTag:  CSCHaloDataProducer:hltCSCHaloData  14-Jun-2021 15:43:27 CEST Run: 1 Event: 464
 The Cosmic Muon collection does not appear to be in the event. These beam halo  identification variables will be empty
%MSG
Begin processing the 12th record. Run 1, Event 460, LumiSection 10 at 14-Jun-2021 15:43:27.256 CEST
Begin processing the 13th record. Run 1, Event 461, LumiSection 10 at 14-Jun-2021 15:43:31.443 CEST
Begin processing the 14th record. Run 1, Event 465, LumiSection 10 at 14-Jun-2021 15:43:36.487 CEST
Begin processing the 15th record. Run 1, Event 466, LumiSection 10 at 14-Jun-2021 15:43:42.684 CEST
Begin processing the 16th record. Run 1, Event 463, LumiSection 10 at 14-Jun-2021 15:43:43.537 CEST
Begin processing the 17th record. Run 1, Event 467, LumiSection 10 at 14-Jun-2021 15:43:59.326 CEST
%MSG-w BasicTrajectoryState:  GsfTrackProducer:hltEgammaGsfTracks  14-Jun-2021 15:44:00 CEST Run: 1 Event: 467
curv error not pos-def
[  4.78733e+07     1477.79-2.12249e+06    -566.093     -19.925
       1477.79   0.0465835     -65.519  -0.0200946  0.00688692
  -2.12249e+06     -65.519     94101.9     25.0656    0.880752
      -566.093  -0.0200946     25.0656   -0.238842  -0.0195703
       -19.925  0.00688692    0.880752  -0.0195703   0.0582738 ]
pos/mom/mf  (9.42611,5.08019,-13.6805)   (4.02411,2.06543,-1.04568)   (-0.000322238,-0.00017367,3.81082) 
%MSG
%MSG-w BasicTrajectoryState:  GsfTrackProducer:hltEgammaGsfTracks  14-Jun-2021 15:44:00 CEST Run: 1 Event: 467
local error not pos-def
[  4.78733e+07 2.12359e+06    -9863.09    -566.243     23.4953
   2.12359e+06     94199.2    -437.512    -25.0852     1.03937
      -9863.09    -437.512     2.03311    0.113724  -0.0129236
      -566.243    -25.0852    0.113724   -0.238968   0.0213791
       23.4953     1.03937  -0.0129236   0.0213791   0.0611633 ]
pos/mom/mf  (9.42611,5.08019,-13.6805)   (4.02411,2.06543,-1.04568)   (-0.000322238,-0.00017367,3.81082) 
%MSG
%MSG-e PosteriorWeightsCalculator:  GsfTrackProducer:hltEgammaGsfTracks  14-Jun-2021 15:44:00 CEST Run: 1 Event: 467
PosteriorWeightsCalculator: sumWeight < DBL_MIN
%MSG
%MSG-e GsfMultiStateUpdator:  GsfTrackProducer:hltEgammaGsfTracks  14-Jun-2021 15:44:00 CEST Run: 1 Event: 467
 no weights could be retreived. invalid updated state !.
%MSG
%MSG-e InvalidState:  GsfTrackProducer:hltEgammaGsfTracks  14-Jun-2021 15:44:00 CEST Run: 1 Event: 467
inside hit
%MSG
%MSG-w BasicTrajectoryState:  GsfTrackProducer:hltEgammaGsfTracks  14-Jun-2021 15:44:00 CEST Run: 1 Event: 467
curv error not pos-def
[  4.78733e+07     1477.79-2.12249e+06    -566.093     -19.925
       1477.79   0.0465835     -65.519  -0.0200946  0.00688692
  -2.12249e+06     -65.519     94101.9     25.0656    0.880752
      -566.093  -0.0200946     25.0656   -0.238842  -0.0195703
       -19.925  0.00688692    0.880752  -0.0195703   0.0582738 ]
pos/mom/mf  (9.42611,5.08019,-13.6805)   (4.02411,2.06543,-1.04568)   (-0.000322238,-0.00017367,3.81082) 
%MSG
%MSG-w BasicTrajectoryState:  GsfTrackProducer:hltEgammaGsfTracks  14-Jun-2021 15:44:00 CEST Run: 1 Event: 467
local error not pos-def
[  4.78733e+07 2.12359e+06    -9863.09    -566.243     23.4953
   2.12359e+06     94199.2    -437.512    -25.0852     1.03937
      -9863.09    -437.512     2.03311    0.113724  -0.0129236
      -566.243    -25.0852    0.113724   -0.238968   0.0213791
       23.4953     1.03937  -0.0129236   0.0213791   0.0611633 ]
pos/mom/mf  (9.42611,5.08019,-13.6805)   (4.02411,2.06543,-1.04568)   (-0.000322238,-0.00017367,3.81082) 
%MSG
%MSG-e PosteriorWeightsCalculator:  GsfTrackProducer:hltEgammaGsfTracks  14-Jun-2021 15:44:00 CEST Run: 1 Event: 467
PosteriorWeightsCalculator: sumWeight < DBL_MIN
%MSG
%MSG-e GsfMultiStateUpdator:  GsfTrackProducer:hltEgammaGsfTracks  14-Jun-2021 15:44:00 CEST Run: 1 Event: 467
 no weights could be retreived. invalid updated state !.
%MSG
%MSG-e InvalidState:  GsfTrackProducer:hltEgammaGsfTracks  14-Jun-2021 15:44:00 CEST Run: 1 Event: 467
inside hit
%MSG
Begin processing the 18th record. Run 1, Event 468, LumiSection 10 at 14-Jun-2021 15:44:11.897 CEST
Begin processing the 19th record. Run 1, Event 471, LumiSection 10 at 14-Jun-2021 15:44:13.225 CEST
Begin processing the 20th record. Run 1, Event 470, LumiSection 10 at 14-Jun-2021 15:44:19.556 CEST
Begin processing the 21st record. Run 1, Event 469, LumiSection 10 at 14-Jun-2021 15:44:27.086 CEST
Begin processing the 22nd record. Run 1, Event 473, LumiSection 10 at 14-Jun-2021 15:44:33.116 CEST
Begin processing the 23rd record. Run 1, Event 472, LumiSection 10 at 14-Jun-2021 15:44:34.237 CEST
Begin processing the 24th record. Run 1, Event 476, LumiSection 10 at 14-Jun-2021 15:44:39.512 CEST
Begin processing the 25th record. Run 1, Event 474, LumiSection 10 at 14-Jun-2021 15:44:40.593 CEST
Begin processing the 26th record. Run 1, Event 475, LumiSection 10 at 14-Jun-2021 15:44:51.343 CEST
Begin processing the 27th record. Run 1, Event 477, LumiSection 10 at 14-Jun-2021 15:44:56.437 CEST
Begin processing the 28th record. Run 1, Event 479, LumiSection 10 at 14-Jun-2021 15:44:58.326 CEST
Begin processing the 29th record. Run 1, Event 478, LumiSection 10 at 14-Jun-2021 15:45:04.060 CEST
Begin processing the 30th record. Run 1, Event 482, LumiSection 10 at 14-Jun-2021 15:45:05.001 CEST
Begin processing the 31st record. Run 1, Event 481, LumiSection 10 at 14-Jun-2021 15:45:12.403 CEST
Begin processing the 32nd record. Run 1, Event 480, LumiSection 10 at 14-Jun-2021 15:45:31.668 CEST
%MSG-e TrajectoryNotPosDef:   TrackProducer:hltIter2ElectronsCtfWithMaterialTracks 14-Jun-2021 15:45:33 CEST  Run: 1 Event: 480
Trajectory covariance is not positive-definite
%MSG
Begin processing the 33rd record. Run 1, Event 483, LumiSection 10 at 14-Jun-2021 15:45:43.555 CEST
Begin processing the 34th record. Run 1, Event 484, LumiSection 10 at 14-Jun-2021 15:45:45.915 CEST
Begin processing the 35th record. Run 1, Event 488, LumiSection 10 at 14-Jun-2021 15:45:50.864 CEST
Begin processing the 36th record. Run 1, Event 487, LumiSection 10 at 14-Jun-2021 15:45:52.186 CEST
%MSG-w InvalidHelix:   SeedCreatorFromRegionConsecutiveHitsEDProducer:hltIter2HighPtTkMuPixelSeeds  14-Jun-2021 15:45:58 CEST Run: 1 Event: 487
PixelClusterShapeSeedComparitor helix is not valid, result is bad
%MSG
Begin processing the 37th record. Run 1, Event 485, LumiSection 10 at 14-Jun-2021 15:45:59.958 CEST
Begin processing the 38th record. Run 1, Event 486, LumiSection 10 at 14-Jun-2021 15:46:02.159 CEST
Begin processing the 39th record. Run 1, Event 491, LumiSection 10 at 14-Jun-2021 15:46:08.660 CEST
Begin processing the 40th record. Run 1, Event 489, LumiSection 10 at 14-Jun-2021 15:46:09.259 CEST
Begin processing the 41st record. Run 1, Event 490, LumiSection 10 at 14-Jun-2021 15:46:14.973 CEST
Begin processing the 42nd record. Run 1, Event 494, LumiSection 10 at 14-Jun-2021 15:46:16.959 CEST
Begin processing the 43rd record. Run 1, Event 493, LumiSection 10 at 14-Jun-2021 15:46:18.558 CEST
Begin processing the 44th record. Run 1, Event 492, LumiSection 10 at 14-Jun-2021 15:46:25.244 CEST
Begin processing the 45th record. Run 1, Event 497, LumiSection 10 at 14-Jun-2021 15:46:33.346 CEST
Begin processing the 46th record. Run 1, Event 495, LumiSection 10 at 14-Jun-2021 15:46:35.248 CEST
%MSG-w InvalidHelix:   SeedCreatorFromRegionConsecutiveHitsEDProducer:hltFullIter9TobTecSeedsPair  14-Jun-2021 15:46:39 CEST Run: 1 Event: 495
PixelClusterShapeSeedComparitor helix is not valid, result is bad
%MSG
Begin processing the 47th record. Run 1, Event 499, LumiSection 10 at 14-Jun-2021 15:46:39.757 CEST
Begin processing the 48th record. Run 1, Event 496, LumiSection 10 at 14-Jun-2021 15:46:40.646 CEST
Begin processing the 49th record. Run 1, Event 500, LumiSection 10 at 14-Jun-2021 15:46:47.608 CEST
Begin processing the 50th record. Run 1, Event 498, LumiSection 10 at 14-Jun-2021 15:46:51.725 CEST
14-Jun-2021 15:46:56 CEST  Closed file file:/eos/cms/store/user/tsarkar/DIGIPremix_Condor_output_Vector_MonoZLL_NLO_Mphi-500_Mchi-150_gSM-0p25_gDM-1p0_ctau0p1/step_DIGIPremix_2017UL_2.root

=============================================

MessageLogger Summary

 type     category        sev    module        subroutine        count    total
 ---- -------------------- -- ---------------- ----------------  -----    -----
    1 BasicTrajectoryState -w GsfTrackProducer                       4        4
    2 BasicTrajectoryState -w TrackProducer:hl                       2        2
    3 InvalidHelix         -w SeedCreatorFromR                       1        1
    4 InvalidHelix         -w SeedCreatorFromR                       1        1
    5 InvalidHelix         -w SeedCreatorFromR                       1        1
    6 InvalidInputTag      -w CSCHaloDataProdu                       1        1
    7 GsfMultiStateUpdator -e GsfTrackProducer                       2        2
    8 InvalidState         -e GsfTrackProducer                       2        2
    9 PosteriorWeightsCalc -e GsfTrackProducer                       2        2
   10 TrajectoryNotPosDef  -e TrackProducer:hl                       1        1
   11 fileAction           -s file_close                             1        1
   12 fileAction           -s file_open                              2        2

 type    category    Examples: run/evt        run/evt          run/evt
 ---- -------------------- ---------------- ---------------- ----------------
    1 BasicTrajectoryState 1/467            1/467            1/467
    2 BasicTrajectoryState 1/457            1/457            
    3 InvalidHelix         1/462                             
    4 InvalidHelix         1/495                             
    5 InvalidHelix         1/487                             
    6 InvalidInputTag      1/464                             
    7 GsfMultiStateUpdator 1/467            1/467            
    8 InvalidState         1/467            1/467            
    9 PosteriorWeightsCalculator 1/467            1/467            
   10 TrajectoryNotPosDef  1/480                             
   11 fileAction           PostGlobalEndRun                  
   12 fileAction           pre-events       pre-events       

Severity    # Occurrences   Total Occurrences
--------    -------------   -----------------
Warning                10                  10
Error                   7                   7
System                  3                   3

dropped waiting message count 0
