14-Jun-2021 15:40:53 CEST  Initiating request to open file file:/eos/cms/store/user/tsarkar/DIGIPremix_Condor_output_Vector_MonoZLL_NLO_Mphi-500_Mchi-150_gSM-0p25_gDM-1p0_ctau100p0/step_DIGIPremix_2017UL_8.root
14-Jun-2021 15:40:58 CEST  Successfully opened file file:/eos/cms/store/user/tsarkar/DIGIPremix_Condor_output_Vector_MonoZLL_NLO_Mphi-500_Mchi-150_gSM-0p25_gDM-1p0_ctau100p0/step_DIGIPremix_2017UL_8.root
Begin processing the 1st record. Run 1, Event 753, LumiSection 16 at 14-Jun-2021 15:42:42.395 CEST
Begin processing the 2nd record. Run 1, Event 751, LumiSection 16 at 14-Jun-2021 15:42:55.619 CEST
Begin processing the 3rd record. Run 1, Event 752, LumiSection 16 at 14-Jun-2021 15:42:59.710 CEST
Begin processing the 4th record. Run 1, Event 755, LumiSection 16 at 14-Jun-2021 15:43:06.413 CEST
Begin processing the 5th record. Run 1, Event 758, LumiSection 16 at 14-Jun-2021 15:43:18.856 CEST
Begin processing the 6th record. Run 1, Event 754, LumiSection 16 at 14-Jun-2021 15:43:28.663 CEST
Begin processing the 7th record. Run 1, Event 756, LumiSection 16 at 14-Jun-2021 15:43:36.895 CEST
Begin processing the 8th record. Run 1, Event 761, LumiSection 16 at 14-Jun-2021 15:43:39.984 CEST
Begin processing the 9th record. Run 1, Event 759, LumiSection 16 at 14-Jun-2021 15:43:40.786 CEST
%MSG-w InvalidInputTag:  CSCHaloDataProducer:hltCSCHaloData  14-Jun-2021 15:43:50 CEST Run: 1 Event: 759
 The Cosmic Muon collection does not appear to be in the event. These beam halo  identification variables will be empty
%MSG
Begin processing the 10th record. Run 1, Event 757, LumiSection 16 at 14-Jun-2021 15:43:50.745 CEST
Begin processing the 11th record. Run 1, Event 760, LumiSection 16 at 14-Jun-2021 15:43:55.434 CEST
Begin processing the 12th record. Run 1, Event 764, LumiSection 16 at 14-Jun-2021 15:44:08.581 CEST
Begin processing the 13th record. Run 1, Event 762, LumiSection 16 at 14-Jun-2021 15:44:12.750 CEST
Begin processing the 14th record. Run 1, Event 763, LumiSection 16 at 14-Jun-2021 15:44:16.017 CEST
Begin processing the 15th record. Run 1, Event 765, LumiSection 16 at 14-Jun-2021 15:44:18.365 CEST
Begin processing the 16th record. Run 1, Event 769, LumiSection 16 at 14-Jun-2021 15:44:22.147 CEST
Begin processing the 17th record. Run 1, Event 770, LumiSection 16 at 14-Jun-2021 15:44:23.083 CEST
%MSG-w InvalidHelix:   SeedCreatorFromRegionConsecutiveHitsEDProducer:hltFullIter9TobTecSeedsTripl  14-Jun-2021 15:44:29 CEST Run: 1 Event: 770
PixelClusterShapeSeedComparitor helix is not valid, result is bad
%MSG
Begin processing the 18th record. Run 1, Event 767, LumiSection 16 at 14-Jun-2021 15:44:30.384 CEST
Begin processing the 19th record. Run 1, Event 768, LumiSection 16 at 14-Jun-2021 15:44:35.010 CEST
Begin processing the 20th record. Run 1, Event 766, LumiSection 16 at 14-Jun-2021 15:44:39.593 CEST
Begin processing the 21st record. Run 1, Event 772, LumiSection 16 at 14-Jun-2021 15:44:43.429 CEST
%MSG-w InvalidHelix:   SeedCreatorFromRegionConsecutiveHitsTripletOnlyEDProducer:hltFullIter8PixelLessSeeds  14-Jun-2021 15:44:47 CEST Run: 1 Event: 772
PixelClusterShapeSeedComparitor helix is not valid, result is bad
%MSG
Begin processing the 22nd record. Run 1, Event 773, LumiSection 16 at 14-Jun-2021 15:44:49.285 CEST
Begin processing the 23rd record. Run 1, Event 771, LumiSection 16 at 14-Jun-2021 15:44:54.845 CEST
Begin processing the 24th record. Run 1, Event 775, LumiSection 16 at 14-Jun-2021 15:45:00.074 CEST
Begin processing the 25th record. Run 1, Event 774, LumiSection 16 at 14-Jun-2021 15:45:03.529 CEST
Begin processing the 26th record. Run 1, Event 778, LumiSection 16 at 14-Jun-2021 15:45:09.227 CEST
Begin processing the 27th record. Run 1, Event 776, LumiSection 16 at 14-Jun-2021 15:45:09.943 CEST
Begin processing the 28th record. Run 1, Event 779, LumiSection 16 at 14-Jun-2021 15:45:14.298 CEST
Begin processing the 29th record. Run 1, Event 777, LumiSection 16 at 14-Jun-2021 15:45:27.186 CEST
Begin processing the 30th record. Run 1, Event 782, LumiSection 16 at 14-Jun-2021 15:45:30.023 CEST
Begin processing the 31st record. Run 1, Event 780, LumiSection 16 at 14-Jun-2021 15:45:31.159 CEST
Begin processing the 32nd record. Run 1, Event 781, LumiSection 16 at 14-Jun-2021 15:45:37.646 CEST
Begin processing the 33rd record. Run 1, Event 783, LumiSection 16 at 14-Jun-2021 15:45:39.129 CEST
Begin processing the 34th record. Run 1, Event 784, LumiSection 16 at 14-Jun-2021 15:45:40.958 CEST
Begin processing the 35th record. Run 1, Event 786, LumiSection 16 at 14-Jun-2021 15:45:45.029 CEST
Begin processing the 36th record. Run 1, Event 787, LumiSection 16 at 14-Jun-2021 15:45:49.135 CEST
Begin processing the 37th record. Run 1, Event 788, LumiSection 16 at 14-Jun-2021 15:45:52.136 CEST
Begin processing the 38th record. Run 1, Event 789, LumiSection 16 at 14-Jun-2021 15:46:02.144 CEST
Begin processing the 39th record. Run 1, Event 785, LumiSection 16 at 14-Jun-2021 15:46:06.289 CEST
Begin processing the 40th record. Run 1, Event 791, LumiSection 16 at 14-Jun-2021 15:46:09.807 CEST
%MSG-w BasicTrajectoryState:   TrackProducer:hltIter2ElectronsCtfWithMaterialTracks 14-Jun-2021 15:46:11 CEST  Run: 1 Event: 791
curv error not pos-def
[  5.13576e+06     -340.81     -260979    -82.5689     9.27228
       -340.81   0.0238116     17.3186   0.0051727   0.0100155
       -260979     17.3186       13262     4.19532   -0.471473
      -82.5689   0.0051727     4.19532 -0.00270047 -0.00289347
       9.27228   0.0100155   -0.471473 -0.00289347   0.0945567 ]
pos/mom/mf  (-10.3417,-3.85576,-5.53231)   (-4.27618,-1.6943,-2.26548)   (0.000169128,6.30569e-05,3.81121) 
%MSG
%MSG-w BasicTrajectoryState:   TrackProducer:hltIter2ElectronsCtfWithMaterialTracks 14-Jun-2021 15:46:11 CEST  Run: 1 Event: 791
local error not pos-def
[  5.13576e+06      261129    -2433.45     82.5891    -11.2404
        261129     13277.2     -123.73     4.19876   -0.571959
      -2433.45     -123.73     1.15488  -0.0395083   0.0200674
       82.5891     4.19876  -0.0395083 -0.00270186 -0.00319564
      -11.2404   -0.571959   0.0200674 -0.00319564    0.117585 ]
pos/mom/mf  (-10.3417,-3.85576,-5.53231)   (-4.27618,-1.6943,-2.26548)   (0.000169128,6.30569e-05,3.81121) 
%MSG
Begin processing the 41st record. Run 1, Event 792, LumiSection 16 at 14-Jun-2021 15:46:19.986 CEST
Begin processing the 42nd record. Run 1, Event 793, LumiSection 16 at 14-Jun-2021 15:46:30.424 CEST
Begin processing the 43rd record. Run 1, Event 794, LumiSection 16 at 14-Jun-2021 15:46:33.656 CEST
Begin processing the 44th record. Run 1, Event 790, LumiSection 16 at 14-Jun-2021 15:46:43.840 CEST
%MSG-w BasicTrajectoryState:   TrackProducer:hltIter2ElectronsCtfWithMaterialTracks 14-Jun-2021 15:46:45 CEST  Run: 1 Event: 790
local error not pos-def
[  2.32458e-06 8.92149e-07  4.2071e-07 1.93344e-05 9.52462e-06
   8.92149e-07 4.10037e-07 1.16685e-07 1.88225e-06 1.07292e-06
    4.2071e-07 1.16685e-07 1.71871e-06 1.27931e-07-4.51088e-06
   1.93344e-05 1.88225e-06 1.27931e-07-2.75188e-06-2.19249e-06
   9.52462e-06 1.07292e-06-4.51088e-06-2.19249e-06 2.37335e-05 ]
pos/mom/mf  (-6.92543,8.19252,-22.498)   (-2.72801,3.12236,-7.2816)   (0.000367598,-0.000434854,3.81009) 
%MSG
%MSG-w BasicTrajectoryState:   TrackProducer:hltIter2ElectronsCtfWithMaterialTracks 14-Jun-2021 15:46:45 CEST  Run: 1 Event: 790
curv error not pos-def
[  2.32458e-06 7.22628e-08 -8.9855e-07 1.92758e-05 -3.3777e-06
   7.22628e-08 1.00733e-07-1.31643e-08-3.29387e-08 5.59781e-07
   -8.9855e-07-1.31643e-08 4.07344e-07-1.86125e-06 4.11705e-07
   1.92758e-05-3.29387e-08-1.86125e-06-2.73562e-06 8.89117e-07
   -3.3777e-06 5.59781e-07 4.11705e-07 8.89117e-07 5.94173e-06 ]
pos/mom/mf  (-6.92543,8.19252,-22.498)   (-2.72801,3.12236,-7.2816)   (0.000367598,-0.000434854,3.81009) 
%MSG
%MSG-w TrackNaN:  TrackProducer:hltIter2ElectronsCtfWithMaterialTracks  14-Jun-2021 15:46:45 CEST Run: 1 Event: 790
Track has NaN or the cov is not pos-definite
%MSG
%MSG-w InvalidHelix:   SeedCreatorFromRegionConsecutiveHitsTripletOnlyEDProducer:hltFullIter8PixelLessSeeds  14-Jun-2021 15:46:52 CEST Run: 1 Event: 790
PixelClusterShapeSeedComparitor helix is not valid, result is bad
%MSG
Begin processing the 45th record. Run 1, Event 795, LumiSection 16 at 14-Jun-2021 15:46:55.303 CEST
Begin processing the 46th record. Run 1, Event 796, LumiSection 16 at 14-Jun-2021 15:46:59.724 CEST
Begin processing the 47th record. Run 1, Event 798, LumiSection 16 at 14-Jun-2021 15:47:02.644 CEST
Begin processing the 48th record. Run 1, Event 797, LumiSection 16 at 14-Jun-2021 15:47:13.678 CEST
Begin processing the 49th record. Run 1, Event 799, LumiSection 16 at 14-Jun-2021 15:47:17.171 CEST
Begin processing the 50th record. Run 1, Event 800, LumiSection 16 at 14-Jun-2021 15:47:21.182 CEST
14-Jun-2021 15:47:25 CEST  Closed file file:/eos/cms/store/user/tsarkar/DIGIPremix_Condor_output_Vector_MonoZLL_NLO_Mphi-500_Mchi-150_gSM-0p25_gDM-1p0_ctau100p0/step_DIGIPremix_2017UL_8.root

=============================================

MessageLogger Summary

 type     category        sev    module        subroutine        count    total
 ---- -------------------- -- ---------------- ----------------  -----    -----
    1 BasicTrajectoryState -w TrackProducer:hl                       4        4
    2 InvalidHelix         -w SeedCreatorFromR                       1        1
    3 InvalidHelix         -w SeedCreatorFromR                       2        2
    4 InvalidInputTag      -w CSCHaloDataProdu                       1        1
    5 TrackNaN             -w TrackProducer:hl                       1        1
    6 fileAction           -s file_close                             1        1
    7 fileAction           -s file_open                              2        2

 type    category    Examples: run/evt        run/evt          run/evt
 ---- -------------------- ---------------- ---------------- ----------------
    1 BasicTrajectoryState 1/791            1/791            1/790
    2 InvalidHelix         1/770                             
    3 InvalidHelix         1/772            1/790            
    4 InvalidInputTag      1/759                             
    5 TrackNaN             1/790                             
    6 fileAction           PostGlobalEndRun                  
    7 fileAction           pre-events       pre-events       

Severity    # Occurrences   Total Occurrences
--------    -------------   -----------------
Warning                 9                   9
System                  3                   3

dropped waiting message count 0
