14-Jun-2021 15:40:54 CEST  Initiating request to open file file:/eos/cms/store/user/tsarkar/DIGIPremix_Condor_output_Vector_MonoZLL_NLO_Mphi-500_Mchi-150_gSM-0p25_gDM-1p0_ctau10p0/step_DIGIPremix_2017UL_2.root
14-Jun-2021 15:40:58 CEST  Successfully opened file file:/eos/cms/store/user/tsarkar/DIGIPremix_Condor_output_Vector_MonoZLL_NLO_Mphi-500_Mchi-150_gSM-0p25_gDM-1p0_ctau10p0/step_DIGIPremix_2017UL_2.root
Begin processing the 1st record. Run 1, Event 454, LumiSection 10 at 14-Jun-2021 15:42:34.168 CEST
Begin processing the 2nd record. Run 1, Event 451, LumiSection 10 at 14-Jun-2021 15:42:49.776 CEST
Begin processing the 3rd record. Run 1, Event 452, LumiSection 10 at 14-Jun-2021 15:42:53.053 CEST
Begin processing the 4th record. Run 1, Event 453, LumiSection 10 at 14-Jun-2021 15:42:58.246 CEST
%MSG-w InvalidHelix:   SeedCreatorFromRegionConsecutiveHitsEDProducer:hltFullIter9TobTecSeedsTripl  14-Jun-2021 15:43:08 CEST Run: 1 Event: 453
PixelClusterShapeSeedComparitor helix is not valid, result is bad
%MSG
Begin processing the 5th record. Run 1, Event 455, LumiSection 10 at 14-Jun-2021 15:43:09.789 CEST
Begin processing the 6th record. Run 1, Event 457, LumiSection 10 at 14-Jun-2021 15:43:14.477 CEST
Begin processing the 7th record. Run 1, Event 456, LumiSection 10 at 14-Jun-2021 15:43:17.761 CEST
Begin processing the 8th record. Run 1, Event 459, LumiSection 10 at 14-Jun-2021 15:43:21.736 CEST
Begin processing the 9th record. Run 1, Event 461, LumiSection 10 at 14-Jun-2021 15:43:27.261 CEST
%MSG-w InvalidHelix:   SeedCreatorFromRegionConsecutiveHitsEDProducer:hltFullIter9TobTecSeedsTripl  14-Jun-2021 15:43:32 CEST Run: 1 Event: 461
PixelClusterShapeSeedComparitor helix is not valid, result is bad
%MSG
%MSG-w InvalidHelix:   SeedCreatorFromRegionConsecutiveHitsEDProducer:hltFullIter9TobTecSeedsTripl  14-Jun-2021 15:43:32 CEST Run: 1 Event: 461
PixelClusterShapeSeedComparitor helix is not valid, result is bad
%MSG
Begin processing the 10th record. Run 1, Event 460, LumiSection 10 at 14-Jun-2021 15:43:33.454 CEST
%MSG-w BasicTrajectoryState:   TrackProducer:hltIter2ElectronsCtfWithMaterialTracks 14-Jun-2021 15:43:34 CEST  Run: 1 Event: 460
curv error not pos-def
[  5.67713e+06    -23.6967     -270654    -19.4497    0.256597
      -23.6967 0.000186682     1.12973   0.0001142 0.000731271
       -270654     1.12973     12903.3    0.918617  -0.0121995
      -19.4497   0.0001142    0.918617  -0.0662039 0.000255676
      0.256597 0.000731271  -0.0121995 0.000255676   0.0061112 ]
pos/mom/mf  (-10.3242,-2.91923,-2.07564)   (-57.852,-16.8504,-25.7573)   (8.9533e-05,2.5316e-05,3.81128) 
%MSG
%MSG-w BasicTrajectoryState:   TrackProducer:hltIter2ElectronsCtfWithMaterialTracks 14-Jun-2021 15:43:34 CEST  Run: 1 Event: 460
local error not pos-def
[  5.67713e+06      272054     8292.37    -19.4997    -0.87544
        272054     13037.1     397.378   -0.925739  -0.0416494
       8292.37     397.378     12.1125   -0.028177 -0.00221273
      -19.4997   -0.925739   -0.028177  -0.0665448  -0.0023139
      -0.87544  -0.0416494 -0.00221273  -0.0023139  0.00714888 ]
pos/mom/mf  (-10.3242,-2.91923,-2.07564)   (-57.852,-16.8504,-25.7573)   (8.9533e-05,2.5316e-05,3.81128) 
%MSG
Begin processing the 11th record. Run 1, Event 463, LumiSection 10 at 14-Jun-2021 15:43:38.305 CEST
Begin processing the 12th record. Run 1, Event 458, LumiSection 10 at 14-Jun-2021 15:43:42.443 CEST
%MSG-w InvalidHelix:   SeedCreatorFromRegionConsecutiveHitsEDProducer:hltFullIter9TobTecSeedsPair  14-Jun-2021 15:43:48 CEST Run: 1 Event: 458
PixelClusterShapeSeedComparitor helix is not valid, result is bad
%MSG
%MSG-w InvalidInputTag:  CSCHaloDataProducer:hltCSCHaloData  14-Jun-2021 15:43:49 CEST Run: 1 Event: 458
 The Cosmic Muon collection does not appear to be in the event. These beam halo  identification variables will be empty
%MSG
Begin processing the 13th record. Run 1, Event 462, LumiSection 10 at 14-Jun-2021 15:43:49.643 CEST
Begin processing the 14th record. Run 1, Event 464, LumiSection 10 at 14-Jun-2021 15:43:52.328 CEST
Begin processing the 15th record. Run 1, Event 467, LumiSection 10 at 14-Jun-2021 15:43:53.399 CEST
Begin processing the 16th record. Run 1, Event 466, LumiSection 10 at 14-Jun-2021 15:43:54.427 CEST
Begin processing the 17th record. Run 1, Event 468, LumiSection 10 at 14-Jun-2021 15:44:11.589 CEST
Begin processing the 18th record. Run 1, Event 465, LumiSection 10 at 14-Jun-2021 15:44:21.433 CEST
Begin processing the 19th record. Run 1, Event 469, LumiSection 10 at 14-Jun-2021 15:44:26.070 CEST
Begin processing the 20th record. Run 1, Event 470, LumiSection 10 at 14-Jun-2021 15:44:33.574 CEST
%MSG-w InvalidHelix:   SeedCreatorFromRegionConsecutiveHitsEDProducer:hltFullIter9TobTecSeedsPair  14-Jun-2021 15:44:38 CEST Run: 1 Event: 470
PixelClusterShapeSeedComparitor helix is not valid, result is bad
%MSG
Begin processing the 21st record. Run 1, Event 471, LumiSection 10 at 14-Jun-2021 15:44:39.700 CEST
%MSG-w BasicTrajectoryState:   TrackProducer:hltIter2PFlowCtfWithMaterialTracksForPhotons  14-Jun-2021 15:44:40 CEST Run: 1 Event: 471
curv error not pos-def
[   5.0673e+06    -293.243     -295407    -125.793     3.08335
      -293.243   0.0174649      17.095  0.00616676  0.00486803
       -295407      17.095     17221.3     7.33202   -0.181106
      -125.793  0.00616676     7.33202 -0.00772417  -0.0114714
       3.08335  0.00486803   -0.181106  -0.0114714    0.051451 ]
pos/mom/mf  (9.20049,6.12434,-6.35064)   (6.25613,4.18162,-5.46133)   (-0.000167098,-0.000111229,3.81118) 
%MSG
%MSG-w BasicTrajectoryState:   TrackProducer:hltIter2PFlowCtfWithMaterialTracksForPhotons  14-Jun-2021 15:44:40 CEST Run: 1 Event: 471
local error not pos-def
[   5.0673e+06      296172     11440.9     125.958    0.865299
        296172     17310.6     668.696     7.36063    0.048789
       11440.9     668.696     25.8324    0.282634   0.0113558
       125.958     7.36063    0.282634  -0.0077432  -0.0144829
      0.865299    0.048789   0.0113558  -0.0144829   0.0774837 ]
pos/mom/mf  (9.20049,6.12434,-6.35064)   (6.25613,4.18162,-5.46133)   (-0.000167098,-0.000111229,3.81118) 
%MSG
Begin processing the 22nd record. Run 1, Event 475, LumiSection 10 at 14-Jun-2021 15:44:47.516 CEST
Begin processing the 23rd record. Run 1, Event 472, LumiSection 10 at 14-Jun-2021 15:44:48.070 CEST
Begin processing the 24th record. Run 1, Event 473, LumiSection 10 at 14-Jun-2021 15:44:50.238 CEST
Begin processing the 25th record. Run 1, Event 474, LumiSection 10 at 14-Jun-2021 15:44:51.542 CEST
Begin processing the 26th record. Run 1, Event 477, LumiSection 10 at 14-Jun-2021 15:44:54.144 CEST
Begin processing the 27th record. Run 1, Event 476, LumiSection 10 at 14-Jun-2021 15:44:57.890 CEST
Begin processing the 28th record. Run 1, Event 478, LumiSection 10 at 14-Jun-2021 15:44:59.854 CEST
Begin processing the 29th record. Run 1, Event 479, LumiSection 10 at 14-Jun-2021 15:45:07.573 CEST
Begin processing the 30th record. Run 1, Event 480, LumiSection 10 at 14-Jun-2021 15:45:08.285 CEST
Begin processing the 31st record. Run 1, Event 481, LumiSection 10 at 14-Jun-2021 15:45:14.357 CEST
Begin processing the 32nd record. Run 1, Event 482, LumiSection 10 at 14-Jun-2021 15:45:20.152 CEST
Begin processing the 33rd record. Run 1, Event 483, LumiSection 10 at 14-Jun-2021 15:45:23.552 CEST
Begin processing the 34th record. Run 1, Event 484, LumiSection 10 at 14-Jun-2021 15:45:25.432 CEST
Begin processing the 35th record. Run 1, Event 485, LumiSection 10 at 14-Jun-2021 15:45:27.421 CEST
Begin processing the 36th record. Run 1, Event 486, LumiSection 10 at 14-Jun-2021 15:45:39.378 CEST
Begin processing the 37th record. Run 1, Event 487, LumiSection 10 at 14-Jun-2021 15:45:56.621 CEST
Begin processing the 38th record. Run 1, Event 490, LumiSection 10 at 14-Jun-2021 15:46:05.194 CEST
Begin processing the 39th record. Run 1, Event 489, LumiSection 10 at 14-Jun-2021 15:46:29.646 CEST
Begin processing the 40th record. Run 1, Event 488, LumiSection 10 at 14-Jun-2021 15:46:44.153 CEST
Begin processing the 41st record. Run 1, Event 491, LumiSection 10 at 14-Jun-2021 15:46:48.316 CEST
Begin processing the 42nd record. Run 1, Event 495, LumiSection 10 at 14-Jun-2021 15:46:53.409 CEST
Begin processing the 43rd record. Run 1, Event 493, LumiSection 10 at 14-Jun-2021 15:46:54.184 CEST
Begin processing the 44th record. Run 1, Event 494, LumiSection 10 at 14-Jun-2021 15:46:55.300 CEST
Begin processing the 45th record. Run 1, Event 492, LumiSection 10 at 14-Jun-2021 15:47:00.432 CEST
Begin processing the 46th record. Run 1, Event 496, LumiSection 10 at 14-Jun-2021 15:47:14.359 CEST
Begin processing the 47th record. Run 1, Event 499, LumiSection 10 at 14-Jun-2021 15:47:15.538 CEST
Begin processing the 48th record. Run 1, Event 498, LumiSection 10 at 14-Jun-2021 15:47:22.808 CEST
Begin processing the 49th record. Run 1, Event 497, LumiSection 10 at 14-Jun-2021 15:47:32.511 CEST
Begin processing the 50th record. Run 1, Event 500, LumiSection 10 at 14-Jun-2021 15:47:43.340 CEST
14-Jun-2021 15:47:53 CEST  Closed file file:/eos/cms/store/user/tsarkar/DIGIPremix_Condor_output_Vector_MonoZLL_NLO_Mphi-500_Mchi-150_gSM-0p25_gDM-1p0_ctau10p0/step_DIGIPremix_2017UL_2.root

=============================================

MessageLogger Summary

 type     category        sev    module        subroutine        count    total
 ---- -------------------- -- ---------------- ----------------  -----    -----
    1 BasicTrajectoryState -w TrackProducer:hl                       2        2
    2 BasicTrajectoryState -w TrackProducer:hl                       2        2
    3 InvalidHelix         -w SeedCreatorFromR                       2        2
    4 InvalidHelix         -w SeedCreatorFromR                       3        3
    5 InvalidInputTag      -w CSCHaloDataProdu                       1        1
    6 fileAction           -s file_close                             1        1
    7 fileAction           -s file_open                              2        2

 type    category    Examples: run/evt        run/evt          run/evt
 ---- -------------------- ---------------- ---------------- ----------------
    1 BasicTrajectoryState 1/460            1/460            
    2 BasicTrajectoryState 1/471            1/471            
    3 InvalidHelix         1/458            1/470            
    4 InvalidHelix         1/453            1/461            1/461
    5 InvalidInputTag      1/458                             
    6 fileAction           PostGlobalEndRun                  
    7 fileAction           pre-events       pre-events       

Severity    # Occurrences   Total Occurrences
--------    -------------   -----------------
Warning                10                  10
System                  3                   3

dropped waiting message count 0
